31.5687
5.07827
25.3555
5.06618
23.2759
5.52605
23.1442
6.1159
22.0663
5.24842
19.4938
5.76362
22.1467
5.11766
21.5787
5.04589
22.0527
5.03728
21.893
5.23059
21.4106
5.1985
18.5243
6.10154
17.7838
5.03126
19.8756
5.03034
20.7574
5.05501
19.0048
5.19322
17.8311
5.12022
17.2559
5.02851
19.4778
5.09459
19.6189
5.20531
18.5717
5.38093
17.1434
6.12102
18.8087
5.08918
19.4907
5.05693
18.832
5.07155
17.4257
5.09242
17.2183
5.05552
19.2988
5.04986
19.9348
5.04221
18.5251
5.27453
17.4194
5.07146
19.1936
5.05139
19.7769
5.10093
18.5361
5.11107
17.2272
5.08925
17.3102
5.11706
18.8713
5.05309
18.4118
5.22422
17.0508
5.06614
16.7846
5.03264
18.4306
5.08832
18.2575
5.10208
16.8593
5.13728
17.4453
5.09027
18.5734
5.03318
18.664
5.16765
16.4159
5.08106
17.2797
5.04544
18.5656
